Webots Project File version R2023b
perspectives: 000000ff00000000fd00000002000000010000017f00000375fc0200000001fb0000001400540065007800740045006400690074006f00720100000016000003750000008600ffffff000000030000069000000039fc0100000001fb0000001a0043006f006e0073006f006c00650041006c006c0041006c006c0100000000000006900000006900ffffff0000050f0000037500000001000000020000000100000008fc00000000
simulationViewPerspectives: 000000ff000000010000000200000159000003e90100000002010000000100
sceneTreePerspectives: 000000ff00000001000000030000001e000001a5000002500100000002010000000200
maximizedDockId: -1
centralWidgetVisible: 1
orthographicViewHeight: 1
textFiles: 0 "C:/Users/Robot/Desktop/Robotics2/linefollowing/controllers/camera_controller/camera_controller.py"
consoles: Console:All:All
renderingDevicePerspectives: e-puck:camera;1;0.319498;0;0
renderingDevicePerspectives: e-puck:display;1;1.6;0;0.00515863
