Webots Project File version R2023b
perspectives: 000000ff00000000fd00000002000000010000030d000003d9fc0200000001fb0000001400540065007800740045006400690074006f00720100000016000003d90000008600ffffff0000000300000a000000015bfc0100000001fb0000001a0043006f006e0073006f006c00650041006c006c0041006c006c010000000000000a000000006900ffffff000006f1000003d900000001000000020000000100000008fc00000000
simulationViewPerspectives: 000000ff000000010000000200000159000003e90100000002010000000100
sceneTreePerspectives: 000000ff00000001000000030000001e000000c0000000fa0100000002010000000200
maximizedDockId: -1
centralWidgetVisible: 1
orthographicViewHeight: 1
textFiles: 0 "controllers/camera_controller/camera_controller.py"
consoles: Console:All:All
renderingDevicePerspectives: e-puck:camera;1;0.324992;0.00489511;0.0205405
renderingDevicePerspectives: e-puck:display;1;1.6;0.224476;0.0724324
